ON SE RESTREINT AUX 500 PREMIERS JOURS

bande U:
quad:
a=1.726244161834072e-06
b=-0.0002063073777513551
c=0.006540853199861257
d=0.04629638556811678
e=0.1101669922100837

time_cut=38.90000000000145

puissance:
t1=-82.01606472017075
a1=0.1352376105202621
b1=1.4645010703803063
c1=0.06069369653195122

bande B:
quad:
a=1.5817809249830443e-06
b=-0.00018856298013637977
c=0.006394804103363973
d=0.014507049646110593
e=-0.05024008056387327

time_cut=49.5

puissance:
t1=29.86999381694371
a1=0.024074234790412836
b1=1.1049138642718854
c1=2.60583957733028

bande V:
quad:
a=1.0162777251843943e-06
b=-0.0001241161667287908
c=0.004749407527402903	
d=-0.013766519833768549
e=0.040395460480773145

time_cut=51.27

puissance:
t1=20.839953991333125
a1=0.02619200563744225
b1=0.9409514990317136
c1=1.4625274998980964